Test Generation Using the W-method. V2.0. August 1, 2013

Enter filename: task3FSM.txt
FSM input from:  task3FSM.txt
States: 8
Edges 57
Input alphabet:
0
1
2
6
7
8
9

Output alphabet:
no
yes

From 	 Input/Output 	 To
1	 6/no		 6
1	 0/no		 4
1	 1/no		 2
1	 8/no		 8
1	 9/no		 3
1	 0/no		 1
1	 7/no		 5
1	 2/no		 7
2	 2/no		 6
2	 6/no		 5
2	 9/no		 2
2	 7/no		 4
2	 0/no		 1
2	 8/no		 8
2	 1/no		 3
3	 8/no		 8
3	 6/no		 5
3	 0/no		 4
3	 9/no		 1
3	 1/no		 3
3	 2/no		 6
3	 7/no		 2
4	 2/no		 6
4	 6/no		 7
4	 1/no		 2
4	 7/yes		 4
4	 8/no		 8
4	 0/no		 3
4	 9/no		 5
5	 9/no		 2
5	 8/no		 8
5	 2/no		 7
5	 0/no		 1
5	 7/no		 3
5	 6/no		 5
5	 1/no		 4
6	 6/no		 4
6	 2/no		 1
6	 7/no		 7
6	 8/no		 8
6	 1/no		 3
6	 0/no		 7
6	 9/no		 3
7	 6/no		 4
7	 9/no		 3
7	 1/no		 2
7	 8/no		 8
7	 0/no		 1
7	 7/no		 7
7	 2/no		 5
8	 0/no		 8
8	 6/no		 5
8	 8/no		 6
8	 1/no		 2
8	 7/no		 1
8	 2/no		 3
8	 9/no		 4

Transition cover set (P). 58 entries.
Empty 0 0 00 01 02 06 07 08 09 1 10 11 12 16 17 18 19 2 20 21 22 26 27 28 29 6 60 61 62 66 67 68 69 7 70 71 72 76 77 78 79 8 80 81 82 86 87 88 89 9 90 91 92 96 97 98 99 

W Set. 6 entries.
0 07 17 67 7 77 

Number of Test Cases :310
Test cases: [0, 00, 000, 0007, 0017, 0067, 007, 0077, 010, 0107, 0117, 0167, 017, 0177, 020, 0207, 0217, 0267, 027, 0277, 060, 0607, 0617, 0667, 067, 0677, 07, 070, 0707, 0717, 0767, 077, 0777, 080, 0807, 0817, 0867, 087, 0877, 090, 0907, 0917, 0967, 097, 0977, 10, 100, 1007, 1017, 1067, 107, 1077, 110, 1107, 1117, 1167, 117, 1177, 120, 1207, 1217, 1267, 127, 1277, 160, 1607, 1617, 1667, 167, 1677, 17, 170, 1707, 1717, 1767, 177, 1777, 180, 1807, 1817, 1867, 187, 1877, 190, 1907, 1917, 1967, 197, 1977, 20, 200, 2007, 2017, 2067, 207, 2077, 210, 2107, 2117, 2167, 217, 2177, 220, 2207, 2217, 2267, 227, 2277, 260, 2607, 2617, 2667, 267, 2677, 27, 270, 2707, 2717, 2767, 277, 2777, 280, 2807, 2817, 2867, 287, 2877, 290, 2907, 2917, 2967, 297, 2977, 60, 600, 6007, 6017, 6067, 607, 6077, 610, 6107, 6117, 6167, 617, 6177, 620, 6207, 6217, 6267, 627, 6277, 660, 6607, 6617, 6667, 667, 6677, 67, 670, 6707, 6717, 6767, 677, 6777, 680, 6807, 6817, 6867, 687, 6877, 690, 6907, 6917, 6967, 697, 6977, 7, 70, 700, 7007, 7017, 7067, 707, 7077, 710, 7107, 7117, 7167, 717, 7177, 720, 7207, 7217, 7267, 727, 7277, 760, 7607, 7617, 7667, 767, 7677, 77, 770, 7707, 7717, 7767, 777, 7777, 780, 7807, 7817, 7867, 787, 7877, 790, 7907, 7917, 7967, 797, 7977, 80, 800, 8007, 8017, 8067, 807, 8077, 810, 8107, 8117, 8167, 817, 8177, 820, 8207, 8217, 8267, 827, 8277, 860, 8607, 8617, 8667, 867, 8677, 87, 870, 8707, 8717, 8767, 877, 8777, 880, 8807, 8817, 8867, 887, 8877, 890, 8907, 8917, 8967, 897, 8977, 90, 900, 9007, 9017, 9067, 907, 9077, 910, 9107, 9117, 9167, 917, 9177, 920, 9207, 9217, 9267, 927, 9277, 960, 9607, 9617, 9667, 967, 9677, 97, 970, 9707, 9717, 9767, 977, 9777, 980, 9807, 9817, 9867, 987, 9877, 990, 9907, 9917, 9967, 997, 9977]
Enter string for test 007

FSM execution begins. Input: 0 0 7  Initial state: 1
Current state: 1
 Input: 0 Next state: 4 Output: no
Current state: 4
 Input: 0 Next state: 3 Output: no
Current state: 3
 Input: 7 Next state: 2 Output: no

FSM execution completed. Final state: 2
Yes Found
